0.3 -0 0
0.299538 0.0002295 0
0.298153 0.0009114 0
0.295855 0.0020271 0
0.292658 0.0035472 0
0.288582 0.0054297 0
0.283651 0.0076242 0
0.277896 0.0100716 0
0.271352 0.0127053 0
0.264061 0.0154545 0
0.256066 0.0182442 0
0.247417 0.0209988 0
0.238168 0.0236418 0
0.228375 0.0261 0
0.218098 0.0283029 0
0.207403 0.0301863 0
0.196352 0.0316917 0
0.185017 0.032769 0
0.173465 0.0334167 0
0.161769 0.0337929 0
0.15 0.0339057 0
0.138231 0.0337443 0
0.126535 0.0333042 0
0.114983 0.0325851 0
0.103648 0.031593 0
0.0925974 0.030339 0
0.0819015 0.0288399 0
0.0716253 0.0271176 0
0.0618321 0.0251988 0
0.0525828 0.0231156 0
0.0439341 0.0209025 0
0.0359391 0.0185976 0
0.0286476 0.0162411 0
0.022104 0.0138735 0
0.0163491 0.011535 0
0.011418 0.0092643 0
0.0073416 0.0070965 0
0.0041445 0.0050634 0
0.0018468 0.0031905 0
0.0004623 0.0014985 0
0 0 0
0.0004623 -0.0012522 0
0.0018468 -0.0022107 0
0.0041445 -0.0028782 0
0.0073416 -0.0032607 0
0.011418 -0.0033678 0
0.0163491 -0.0032115 0
0.022104 -0.0028086 0
0.0286476 -0.0021783 0
0.0359391 -0.0013437 0
0.0439341 -0.0003306 0
0.0525828 0.0008325 0
0.0618321 0.0021141 0
0.0716253 0.0034824 0
0.0819015 0.0049035 0
0.0925974 0.0063435 0
0.103648 0.0077703 0
0.114983 0.0091524 0
0.126535 0.010461 0
0.138231 0.0116709 0
0.15 0.0127611 0
0.161769 0.0137145 0
0.173465 0.01452 0
0.185017 0.015147 0
0.196352 0.015417 0
0.207403 0.0153108 0
0.218098 0.0148587 0
0.228375 0.0140997 0
0.238168 0.01308 0
0.247417 0.0118512 0
0.256066 0.0104688 0
0.264061 0.0089913 0
0.271352 0.0074769 0
0.277896 0.0059829 0
0.283651 0.0045639 0
0.288582 0.0032703 0
0.292658 0.0021465 0
0.295855 0.0012312 0
0.298153 0.0005547 0
0.299538 0.0001398 0
0.3 0 0
