  1.000000 -0.000000
  0.998459  0.000765
  0.993844  0.003038
  0.986185  0.006757
  0.975528  0.011824
  0.961940  0.018099
  0.945503  0.025414
  0.926320  0.033572
  0.904508  0.042351
  0.880203  0.051515
  0.853553  0.060814
  0.824724  0.069996
  0.793893  0.078806
  0.761249  0.087000
  0.726995  0.094343
  0.691342  0.100621
  0.654508  0.105639
  0.616723  0.109230
  0.578217  0.111389
  0.539230  0.112643
  0.500000  0.113019
  0.460770  0.112481
  0.421783  0.111014
  0.383277  0.108617
  0.345492  0.105310
  0.308658  0.101130
  0.273005  0.096133
  0.238751  0.090392
  0.206107  0.083996
  0.175276  0.077052
  0.146447  0.069675
  0.119797  0.061992
  0.095492  0.054137
  0.073680  0.046245
  0.054497  0.038450
  0.038060  0.030881
  0.024472  0.023655
  0.013815  0.016878
  0.006156  0.010635
  0.001541  0.004995
  0.000000  0.000000
  0.001541 -0.004174
  0.006156 -0.007369
  0.013815 -0.009594
  0.024472 -0.010869
  0.038060 -0.011226
  0.054497 -0.010705
  0.073680 -0.009362
  0.095492 -0.007261
  0.119797 -0.004479
  0.146447 -0.001102
  0.175276  0.002775
  0.206107  0.007047
  0.238751  0.011608
  0.273005  0.016345
  0.308658  0.021145
  0.345492  0.025901
  0.383277  0.030508
  0.421783  0.034870
  0.460770  0.038903
  0.500000  0.042537
  0.539230  0.045715
  0.578217  0.048400
  0.616723  0.050490
  0.654508  0.051390
  0.691342  0.051036
  0.726995  0.049529
  0.761249  0.046999
  0.793893  0.043600
  0.824724  0.039504
  0.853553  0.034896
  0.880203  0.029971
  0.904508  0.024923
  0.926320  0.019943
  0.945503  0.015213
  0.961940  0.010901
  0.975528  0.007155
  0.986185  0.004104
  0.993844  0.001849
  0.998459  0.000466
  1.000000  0.000000