0.268298 -0.0691511 0
0.264063 0.734323 0
-0.740249 -0.0185572 0
0.267619 -0.0699247 0
0.265841 0.733846 0
-0.740016 -0.017689 0
0.265635 -0.072238 0
0.269354 0.732905 0
-0.739576 -0.0160457 0
0.2625 -0.0760609 0
0.274515 0.731522 0
-0.738975 -0.0138038 0
0.258454 -0.0813429 0
0.281198 0.729731 0
-0.738278 -0.0112041 0
0.253801 -0.0880087 0
0.289235 0.727578 0
-0.737561 -0.00852633 0
0.248878 -0.0959542 0
0.298433 0.725113 0
-0.736901 -0.00606264 0
0.24403 -0.105044 0
0.308561 0.722399 0
-0.736372 -0.00408916 0
0.239579 -0.115108 0
0.319373 0.719502 0
-0.736038 -0.00284176 0
0.235784 -0.125938 0
0.330601 0.716494 0
-0.735905 -0.0023473 0
0.232511 -0.137208 0
0.341968 0.713448 0
-0.735911 -0.00237077 0
0.229765 -0.148619 0
0.353196 0.71044 0
-0.736061 -0.00293062 0
0.22763 -0.159893 0
0.364007 0.707543 0
-0.736352 -0.00401536 0
0.226145 -0.170752 0
0.374136 0.704829 0
-0.736769 -0.00557118 0
0.225307 -0.180916 0
0.383334 0.702364 0
-0.737287 -0.00750399 0
0.225065 -0.190117 0
0.391372 0.70021 0
-0.737871 -0.00968602 0
0.225338 -0.198103 0
0.398053 0.69842 0
-0.738483 -0.0119676 0
0.22602 -0.204651 0
0.403214 0.697037 0
-0.739079 -0.0141937 0
0.226998 -0.209576 0
0.406727 0.696096 0
-0.739623 -0.0162225 0
0.228173 -0.212735 0
0.408506 0.695619 0
-0.740084 -0.0179443 0
0.229475 -0.21404 0
0.408506 0.695619 0
-0.74044 -0.0192727 0
0.230782 -0.213434 0
0.406727 0.696096 0
-0.740651 -0.020058 0
0.232 -0.210916 0
0.403214 0.697037 0
-0.740714 -0.0202945 0
0.233142 -0.20656 0
0.398053 0.69842 0
-0.740642 -0.0200244 0
0.234234 -0.200486 0
0.391372 0.70021 0
-0.740452 -0.019317 0
0.23532 -0.192864 0
0.383334 0.702364 0
-0.740171 -0.018266 0
0.236456 -0.183904 0
0.374136 0.704829 0
-0.739828 -0.0169861 0
0.237706 -0.17385 0
0.364007 0.707543 0
-0.739457 -0.0156043 0
0.239135 -0.162976 0
0.353196 0.71044 0
-0.739094 -0.0142477 0
0.240797 -0.151575 0
0.341968 0.713448 0
-0.738768 -0.0130314 0
0.242723 -0.139944 0
0.330601 0.716494 0
-0.738503 -0.0120444 0
0.244911 -0.128383 0
0.319373 0.719502 0
-0.738318 -0.0113525 0
0.247439 -0.117214 0
0.308561 0.722399 0
-0.738297 -0.0112734 0
0.250523 -0.106784 0
0.298433 0.725113 0
-0.738454 -0.0118584 0
0.253979 -0.097321 0
0.289235 0.727578 0
-0.738745 -0.0129443 0
0.257556 -0.0890149 0
0.281198 0.729731 0
-0.739115 -0.0143256 0
0.26098 -0.0820195 0
0.274515 0.731522 0
-0.739504 -0.0157785 0
0.263978 -0.076457 0
0.269354 0.732905 0
-0.739855 -0.0170886 0
0.266311 -0.0724193 0
0.265841 0.733846 0
-0.740119 -0.0180733 0
0.267791 -0.0699709 0
0.264063 0.734323 0
-0.74026 -0.0186005 0
0.268298 -0.0691511 0
