0.225 0.0127243 1
0.224769 0.012839 1
0.224077 0.01318 1
0.222928 0.0137378 1
0.221329 0.0144979 1
0.219291 0.0154391 1
0.216825 0.0165364 1
0.213948 0.0177601 1
0.210676 0.0190769 1
0.20703 0.0204515 1
0.203033 0.0218464 1
0.198709 0.0232237 1
0.194084 0.0245452 1
0.189187 0.0257743 1
0.184049 0.0268757 1
0.178701 0.0278174 1
0.173176 0.0285701 1
0.167508 0.0291088 1
0.161733 0.0294326 1
0.155884 0.0296207 1
0.15 0.0296771 1
0.144116 0.0295964 1
0.138267 0.0293764 1
0.132492 0.0290168 1
0.126824 0.0285208 1
0.121299 0.0278938 1
0.115951 0.0271442 1
0.110813 0.0262831 1
0.105916 0.0253237 1
0.101291 0.0242821 1
0.096967 0.0231755 1
0.0929695 0.0220231 1
0.0893238 0.0208448 1
0.086052 0.019661 1
0.0831745 0.0184918 1
0.080709 0.0173564 1
0.0786708 0.0162725 1
0.0770722 0.015256 1
0.0759234 0.0143195 1
0.0752311 0.0134735 1
0.075 0.0127243 1
0.0752311 0.0120982 1
0.0759234 0.0116189 1
0.0770722 0.0112852 1
0.0786708 0.0110939 1
0.080709 0.0110404 1
0.0831745 0.0111185 1
0.086052 0.01132 1
0.0893238 0.0116351 1
0.0929695 0.0120524 1
0.096967 0.012559 1
0.101291 0.0131405 1
0.105916 0.0137813 1
0.110813 0.0144655 1
0.115951 0.015176 1
0.121299 0.015896 1
0.126824 0.0166094 1
0.132492 0.0173005 1
0.138267 0.0179548 1
0.144116 0.0185597 1
0.15 0.0191048 1
0.155884 0.0195815 1
0.161733 0.0199843 1
0.167508 0.0202978 1
0.173176 0.0204328 1
0.178701 0.0203797 1
0.184049 0.0201536 1
0.189187 0.0197741 1
0.194084 0.0192643 1
0.198709 0.0186499 1
0.203033 0.0179587 1
0.20703 0.0172199 1
0.210676 0.0164627 1
0.213948 0.0157157 1
0.216825 0.0150062 1
0.219291 0.0143594 1
0.221329 0.0137975 1
0.222928 0.0133399 1
0.224077 0.0130016 1
0.224769 0.0127942 1
0.225 0.0127243 1
