0.3 -0 0
0.299538 0.0002295 0
0.298153 0.0009114 0
0.295855 0.0020271 0
0.292658 0.0035472 0
0.288582 0.0054297 0
0.283651 0.0076242 0
0.277896 0.0100716 0
0.271352 0.0127053 0
0.264061 0.0154545 0
0.256066 0.0182442 0
0.247417 0.0209988 0
0.238168 0.0236418 0
0.228375 0.0261 0
0.218098 0.0283029 0
0.207403 0.0301863 0
0.196352 0.0316917 0
0.185017 0.032769 0
0.173465 0.0334167 0
0.161769 0.0337929 0
0.15 0.0339057 0
0.138231 0.0337443 0
0.126535 0.0333042 0
0.114983 0.0325851 0
0.103648 0.031593 0
0.0925974 0.030339 0
0.0819015 0.0288399 0
0.0716253 0.0271176 0
0.0618321 0.0251988 0
0.0525828 0.0231156 0
0.0439341 0.0209025 0
0.0359391 0.0185976 0
0.0286476 0.0162411 0
0.022104 0.0138735 0
0.0163491 0.011535 0
0.011418 0.0092643 0
0.0073416 0.0070965 0
