0.225 0.0127243 1
0.224769 0.012839 1
0.224077 0.01318 1
0.222928 0.0137378 1
0.221329 0.0144979 1
0.219291 0.0154391 1
0.216825 0.0165364 1
0.213948 0.0177601 1
0.210676 0.0190769 1
0.20703 0.0204515 1
0.203033 0.0218464 1
0.198709 0.0232237 1
0.194084 0.0245452 1
0.189187 0.0257743 1
0.184049 0.0268757 1
0.178701 0.0278174 1
0.173176 0.0285701 1
0.167508 0.0291088 1
0.161733 0.0294326 1
0.155884 0.0296207 1
0.15 0.0296771 1
0.144116 0.0295964 1
0.138267 0.0293764 1
0.132492 0.0290168 1
0.126824 0.0285208 1
0.121299 0.0278938 1
0.115951 0.0271442 1
0.110813 0.0262831 1
0.105916 0.0253237 1
0.101291 0.0242821 1
0.096967 0.0231755 1
0.0929695 0.0220231 1
0.0893238 0.0208448 1
0.086052 0.019661 1
0.0831745 0.0184918 1
0.080709 0.0173564 1
0.0786708 0.0162725 1
0.225 0.0127243 1
