0.268298 -0.0691511 0
0.267619 -0.0699247 0
0.265635 -0.072238 0
0.2625 -0.0760609 0
0.258454 -0.0813429 0
0.253801 -0.0880087 0
0.248878 -0.0959542 0
0.24403 -0.105044 0
0.239579 -0.115108 0
0.235784 -0.125938 0
0.232511 -0.137208 0
0.229765 -0.148619 0
0.22763 -0.159893 0
0.226145 -0.170752 0
0.225307 -0.180916 0
0.225065 -0.190117 0
0.225338 -0.198103 0
0.22602 -0.204651 0
0.226998 -0.209576 0
0.228173 -0.212735 0
0.229475 -0.21404 0
0.230782 -0.213434 0
0.232 -0.210916 0
0.233142 -0.20656 0
0.234234 -0.200486 0
0.23532 -0.192864 0
0.236456 -0.183904 0
0.237706 -0.17385 0
0.239135 -0.162976 0
0.240797 -0.151575 0
0.242723 -0.139944 0
0.244911 -0.128383 0
0.247439 -0.117214 0
0.250523 -0.106784 0
0.253979 -0.097321 0
0.257556 -0.0890149 0
0.26098 -0.0820195 0
0.263978 -0.076457 0
0.266311 -0.0724193 0
0.267791 -0.0699709 0
0.268298 -0.0691511 0
