.3 0 0 
.35 0 0 
.35 -.32 0 
.175 -.32 0 
.175 -.25 0 
0.213692 -0.25025 0 
0.214081 -0.257903 0 
0.214674 -0.264836 0 
0.215444 -0.271 0 
0.216361 -0.276351 0 
0.2174 -0.28085 0 
0.218536 -0.284464 0 
0.21975 -0.287168 0 
0.221026 -0.288943 0 
0.222354 -0.289778 0 
0.223683 -0.289655 0 
0.224968 -0.288566 0 
0.226207 -0.286519 0 
0.227404 -0.28353 0 
0.228563 -0.27962 0 
0.229688 -0.274817 0 
0.230788 -0.269154 0 
0.231873 -0.26267 0 
0.232954 -0.255411 0 
0.234045 -0.247426 0 
0.23516 -0.238771 0 
0.236316 -0.229505 0 
0.237529 -0.219692 0 
0.238816 -0.209398 0 
0.240193 -0.198694 0 
0.241675 -0.187651 0 
0.243274 -0.176344 0 
0.244999 -0.164847 0 
0.246858 -0.153236 0 
0.248851 -0.141586 0 
0.250976 -0.129971 0 
0.253225 -0.118465 0 
0.255609 -0.107145 0 
0.258282 -0.0961257 0 
0.261245 -0.0854795 0 
0.26445 -0.0752651 0 
0.267843 -0.0655355 0 
0.271362 -0.0563399 0 
0.274943 -0.0477238 0 
0.278517 -0.0397276 0 
0.282013 -0.0323874 0 
0.285363 -0.0257363 0 
0.2885 -0.0198023 0 
0.29136 -0.0146108 0 
0.293886 -0.0101825 0 
0.296026 -0.00653589 0 
0.297738 -0.00368462 0 
0.298986 -0.0016403 0 
0.299745 -0.000410365 0 
0.3 0 0 
